1 1047
1 245
2 1069
2 75
3 182
3 28
4 1263
4 61
5 698
5 52
6 2502
6 515
7 1951
7 50
8 1187
8 82
9 605
9 158
10 287
10 103
11 991
11 249
12 993
12 103
13 2178
13 10
14 1199
14 279
15 1160
15 386
16 637
16 40
17 515
17 66
18 349
18 81
19 2036
19 473
20 1338
20 262
21 625
21 128
22 2774
22 250
23 658
23 28
24 288
24 15
25 1614
25 74
26 3381
26 1380
27 2313
27 696
28 2615
28 300
29 1915
29 198
30 2461
30 155
31 1395
31 70
32 2223
32 167
33 3540
33 125
34 365
34 95
35 2252
35 238
36 2530
36 131
37 2857
37 93
38 1355
38 175
39 2106
39 272
40 1832
40 115
41 866
41 146
42 1235
42 226
43 1294
43 197
44 3086
44 732
45 3265
45 508
46 1926
46 35
47 4197
47 226
48 3586
48 88
49 1310
49 194
50 1576
50 231
