1 1006
1 246
2 1089
2 75
3 253
3 28
4 1275
4 62
5 702
5 52
6 2627
6 511
7 1977
7 50
8 1213
8 82
9 611
9 158
10 309
10 103
11 996
11 249
12 930
12 103
13 2136
13 10
14 1186
14 279
15 1177
15 388
16 624
16 40
17 507
17 67
18 364
18 82
19 2039
19 473
20 1373
20 262
21 600
21 127
22 2692
22 251
23 691
23 28
24 285
24 15
25 1629
25 74
26 3443
26 1380
27 2311
27 693
28 2590
28 300
29 1967
29 198
30 2428
30 155
31 1316
31 70
32 2202
32 167
33 3499
33 125
34 368
34 97
35 2200
35 238
36 2519
36 131
37 2885
37 93
38 1394
38 180
39 2099
39 272
40 1810
40 115
41 827
41 146
42 1316
42 226
43 1255
43 197
44 3004
44 738
45 3326
45 508
46 1868
46 35
47 4195
47 226
48 3626
48 88
49 1309
49 195
50 1598
50 231
